0.0 18
1.0 168
2.0 111
3.0 37
4.0 43
5.0 12
6.0 8
7.0 17
8.0 11
9.0 17
10.0 4
11.0 6
12.0 10
13.0 9
14.0 3
15.0 3
16.0 6
17.0 0
18.0 1
19.0 2
20.0 1
21.0 2
22.0 1
23.0 0
24.0 1
25.0 1
26.0 0
27.0 3
28.0 0
29.0 1
30.0 1
31.0 0
32.0 0
33.0 0
34.0 0
35.0 1
36.0 1
37.0 0
38.0 3
39.0 0
40.0 0
41.0 0
42.0 1
43.0 0
44.0 0
45.0 0
46.0 0
47.0 0
48.0 0
49.0 0
50.0 0
51.0 0
52.0 0
53.0 0
54.0 0
55.0 0
56.0 0
57.0 0
58.0 1
59.0 0
60.0 0
61.0 0
62.0 0
63.0 0
64.0 0
65.0 0
66.0 0
67.0 0
68.0 0
69.0 0
70.0 0
71.0 0
72.0 0
73.0 0
74.0 0
75.0 1
76.0 0
